2.135420000000000016e+02 2.031630170000000013e-01 9.924623120000000132e-01
2.464650000000000034e+02 2.378854629999999915e-01 8.977035499999999613e-02
3.278899999999999864e+02 5.176211499999999743e-02 4.133611689999999728e-01
4.713100000000000023e+02 8.854625550000000400e-01 4.718162839999999747e-01
4.783799999999999955e+02 9.052863439999999651e-01 5.427974949999999632e-01
4.360629999999999882e+02 8.193832599999999466e-01 6.158663880000000423e-01
4.199429999999999836e+02 6.806167400000000534e-01 5.240083509999999833e-01
4.050819999999999936e+02 7.103524230000000106e-01 6.805845510000000376e-01
3.772660000000000196e+02 6.519823790000000008e-01 5.260960329999999630e-01
3.514769999999999754e+02 5.759911890000000145e-01 8.308977039999999592e-01
3.435509999999999877e+02 7.299270070000000166e-01 9.849246230000000546e-01
