6.049000000000000199e+01 3.103478299999999981e-02 3.314407429999999821e-01
8.934799999999999898e+01 4.663063370000000152e-01 2.391767200000000093e-01
1.861049999999999898e+02 4.494812990000000008e-01 1.366217190000000026e-01
2.450610000000000070e+02 4.643884569999999767e-01 4.095102919999999980e-01
3.079169999999999732e+02 4.801673779999999780e-01 3.946061080000000110e-01
3.772660000000000196e+02 6.920059269999999652e-01 5.503903509999999999e-01
4.088090000000000259e+02 9.666114540000000366e-01 6.976579149999999618e-01
4.298399999999999750e+02 8.387237360000000530e-01 8.878637430000000386e-01
4.323240000000000123e+02 1.000000000000000000e+00 1.000000000000000000e+00
4.050819999999999936e+02 5.289861380000000501e-01 9.808374760000000414e-01
2.578000000000000114e+02 3.465260199999999902e-01 6.685592679999999843e-01
1.722620000000000005e+02 1.463691039999999999e-01 6.348474160000000532e-01
1.185310000000000059e+02 2.685032000000000044e-02 2.171752989999999883e-01
